mu = 0.0025
beta = 0
sigma = 0
f = cos(3.14159265*x)*cos(3.14159265*x) + 0.005*3.14159265*3.14159265*cos(2*3.14159265*x)
a = 0
b = 1
b = 5